/home/weic/project/linux/image/IMG_20180312_204734.jpg*29 13 27 21 31 21 23 22 35 22 22 27 36 26 26 35 35 35 19 23 42 24 7 27 50 25 21 22 38 23 30 52 
/home/weic/project/linux/image/IMG_20180312_204739.jpg*33 16 32 24 35 24 28 25 39 25 27 29 40 29 27 35 38 34 24 24 46 25 12 28 55 26 26 25 41 26 33 57 
/home/weic/project/linux/image/IMG_20180312_204210.jpg*34 16 32 22 36 22 28 23 40 24 27 28 39 28 28 32 39 34 23 24 39 36 16 23 38 36 26 23 40 29 34 52 
/home/weic/project/linux/image/P80312-204027.jpg*28 13 27 21 31 21 23 24 37 23 23 29 37 28 25 35 37 35 17 26 44 25 7 31 53 28 20 25 39 24 32 57 
/home/weic/project/linux/image/IMG_20180312_204910.jpg*30 20 29 26 32 26 25 27 36 27 25 31 36 31 25 34 35 33 20 29 41 30 15 33 45 34 23 28 37 27 31 51 
/home/weic/project/linux/image/IMG_20180312_204528.jpg*33 16 31 23 35 23 26 25 39 25 25 30 43 30 26 35 41 35 20 26 46 24 10 27 57 25 24 25 41 24 33 56 
/home/weic/project/linux/image/IMG_20180312_204322.jpg*32 14 30 22 34 22 26 23 39 23 26 29 39 28 26 36 39 36 20 24 45 24 9 26 54 26 24 24 40 24 33 57 
/home/weic/project/linux/image/IMG_20180312_204309.jpg*32 13 30 21 34 21 26 23 39 23 26 28 38 28 27 35 38 35 20 28 44 28 14 32 50 33 23 25 41 24 32 57 
/home/weic/project/linux/image/IMG_20180312_204102.jpg*33 11 31 19 35 19 26 21 41 21 27 26 41 26 28 34 40 34 20 24 47 23 9 28 58 26 24 22 43 21 35 57 
/home/weic/project/linux/image/P80312-203810.jpg*31 11 29 20 34 20 24 22 39 22 25 28 38 28 25 35 37 36 18 28 44 29 11 33 50 35 21 24 41 26 31 56 
/home/weic/project/linux/image/IMG_20180312_204532.jpg*33 16 31 23 35 23 26 24 39 24 26 29 40 30 27 35 39 35 19 27 45 26 10 30 56 28 24 26 41 25 33 56 
/home/weic/project/linux/image/P80312-203814.jpg*30 10 27 19 32 19 22 21 37 21 22 26 37 26 23 35 35 35 16 23 43 25 9 26 53 29 20 22 40 23 29 56 
/home/weic/project/linux/image/P80312-203918.jpg*33 17 31 25 35 25 26 26 41 26 25 31 41 31 26 35 40 36 19 27 46 27 7 31 50 29 24 27 43 27 33 60 
/home/weic/project/linux/image/IMG_20180312_204055.jpg*29 8 27 17 31 17 22 19 36 18 23 24 36 24 24 32 36 32 17 24 43 23 8 30 51 29 20 21 39 21 31 57 
/home/weic/project/linux/image/IMG_20180312_224015.jpg*28 6 26 18 32 18 19 20 39 21 20 29 39 30 21 35 38 36 14 31 44 31 11 38 48 37 16 27 43 26 30 57 
/home/weic/project/linux/image/IMG_20180312_203914.jpg*29 17 28 24 31 24 23 25 35 25 23 30 36 30 25 35 35 33 18 26 43 26 10 27 50 27 21 25 38 25 31 53 
/home/weic/project/linux/image/IMG_20180312_224617.jpg*32 9 30 21 35 20 21 22 43 23 22 29 44 29 25 34 39 35 15 27 50 26 9 31 58 31 19 24 47 25 32 57 
/home/weic/project/linux/image/IMG_20180312_205021.jpg*32 16 30 23 34 23 26 25 39 25 26 29 40 29 27 33 38 34 20 26 45 26 10 27 37 36 24 25 41 25 33 56 
/home/weic/project/linux/image/IMG_20180312_203902.jpg*32 3 29 13 34 14 22 16 40 17 23 23 39 24 22 33 37 33 17 19 47 22 6 27 58 28 20 17 43 19 29 59 
/home/weic/project/linux/image/P80312-203912.jpg*32 13 30 21 34 21 24 23 40 23 25 29 39 29 25 35 39 35 18 29 45 28 11 35 52 35 21 26 42 25 33 57 
/home/weic/project/linux/image/IMG_20180312_204904.jpg*31 22 30 27 33 27 26 28 37 28 25 32 39 31 26 35 35 33 21 29 43 29 15 32 35 29 24 28 41 29 32 56 
/home/weic/project/linux/image/IMG_20180312_205023.jpg*33 16 31 22 35 22 27 24 40 24 26 28 41 29 28 35 39 35 21 25 45 25 16 26 54 26 24 24 42 25 34 56 
/home/weic/project/linux/image/IMG_20180312_204416.jpg*33 12 31 20 35 20 26 22 39 22 27 27 39 27 28 34 38 34 21 27 44 27 16 32 50 32 24 25 42 25 32 56 
/home/weic/project/linux/image/IMG_20180312_204107.jpg*32 12 30 19 35 19 26 21 40 21 25 26 41 26 27 34 39 33 19 22 47 21 7 23 53 22 24 21 42 21 34 57 
/home/weic/project/linux/image/P80312-203812.jpg*30 9 28 18 33 19 23 20 38 21 23 25 37 26 24 34 36 35 17 24 45 27 7 29 52 30 21 22 40 23 30 56 
/home/weic/project/linux/image/IMG_20180312_205016.jpg*31 15 29 22 33 22 25 24 39 24 25 28 39 29 26 33 36 33 20 26 44 27 11 29 36 34 23 25 40 26 31 56 
/home/weic/project/linux/image/IMG_20180312_224509.jpg*32 13 30 22 34 22 25 22 39 22 23 28 41 28 25 35 39 35 20 23 46 22 10 24 57 26 24 22 43 23 31 56 
/home/weic/project/linux/image/IMG_20180312_203855.jpg*31 0 29 9 35 9 23 12 41 12 24 19 40 19 25 29 39 28 16 21 48 19 10 27 56 27 20 16 44 16 33 56 
/home/weic/project/linux/image/IMG_20180312_204200.jpg*35 8 32 17 37 17 26 19 41 19 27 24 41 25 27 31 40 32 21 23 47 22 10 27 57 26 24 20 43 20 34 56 
/home/weic/project/linux/image/IMG_20180312_204424.jpg*34 14 32 22 36 22 27 22 41 22 27 28 41 27 29 35 39 34 21 21 44 21 11 19 43 26 26 22 24 22 34 54 
/home/weic/project/linux/image/IMG_20180312_204153.jpg*33 4 30 14 35 14 24 16 40 16 26 22 39 23 25 30 38 30 22 25 42 25 18 32 47 32 23 21 42 21 32 53 
/home/weic/project/linux/image/IMG_20180312_204900.jpg*30 22 28 28 32 27 23 30 35 28 24 33 36 32 28 35 29 29 20 30 39 29 21 30 46 32 22 30 37 29 31 56 
/home/weic/project/linux/image/IMG_20180312_204329.jpg*32 13 30 21 34 21 26 22 38 22 26 27 38 28 27 35 38 35 19 25 45 25 10 28 53 28 23 23 40 23 33 57 
/home/weic/project/linux/image/P80312-203826.jpg*32 4 31 13 35 12 25 15 39 14 26 20 40 19 26 28 38 28 19 15 46 16 13 16 56 18 25 20 41 15 31 51 
/home/weic/project/linux/image/IMG_20180312_204420.jpg*31 15 30 22 33 22 25 24 38 24 25 29 38 28 26 35 37 35 20 25 45 26 9 28 54 28 23 24 40 25 32 56 
/home/weic/project/linux/image/IMG_20180312_204744.jpg*28 16 27 23 30 23 23 24 35 24 23 29 34 29 23 34 35 34 17 29 39 28 12 33 45 33 20 27 37 26 31 56 
/home/weic/project/linux/image/IMG_20180312_205033.jpg*31 11 30 18 34 18 25 20 39 20 26 24 38 25 26 31 38 31 21 25 42 26 16 30 47 31 23 22 41 22 33 56 
/home/weic/project/linux/image/P80312-204028.jpg*27 14 26 22 30 22 21 25 35 24 22 29 36 29 23 35 35 34 15 29 42 28 8 34 49 32 19 26 37 25 31 57 
/home/weic/project/linux/image/P80312-203914.jpg*33 14 30 22 35 22 25 23 41 23 25 29 41 29 25 35 40 35 19 27 46 26 8 32 57 31 22 25 43 25 33 57 
/home/weic/project/linux/image/IMG_20180312_204524.jpg*31 14 28 21 32 21 23 23 37 23 24 29 38 29 25 35 37 35 17 28 43 26 9 32 50 30 21 26 40 25 31 56 
